CL = 3.186464928023956
CD = -3.3874585636528565e-07
