CL = 3.1864649280239563
CD = -3.3874585647630795e-07
